spawns:
  default:
    world: 7bf01a43-39cd-4520-8779-2ce067b8e2c8
    world-name: world
    x: 1267.2275146999273
    y: 82.0
    z: -1742.131925342362
    yaw: -122.99710083007812
    pitch: 90.0
